3 453 155 22 43
2 453 693 26 38
1 525 444 0 0
3 882 996 40 53
3 934 486 35 53
2 1348 214 40 19
3 1636 108 34 53
3 1722 578 27 49
1 2156 419 0 0
2 2514 115 35 25
1 2671 110 0 0
2 2733 497 46 15
2 3185 221 10 21
1 3675 322 0 0
3 4158 385 25 21
3 4614 484 51 35
1 5013 743 0 0
2 5479 654 34 36
2 5515 325 11 53
2 5919 264 58 27
2 6107 439 58 34
1 6222 937 0 0
3 6646 322 33 11
2 6670 294 36 52
2 6870 418 24 48
1 7188 231 0 0
2 7410 747 49 51
2 7540 131 26 16
3 7624 943 52 18
3 7841 659 39 51
1 8098 683 0 0
3 8407 353 31 57
2 8446 480 53 23
1 8780 905 0 0
3 9096 288 24 32
3 9194 266 52 18
2 9403 618 24 12
1 9774 337 0 0
1 9954 942 0 0
3 10031 444 54 19
2 10440 289 33 26
3 10532 854 13 24
1 10936 532 0 0
2 11298 468 17 42
2 11659 956 14 58
3 12045 893 52 26
2 12433 225 36 57
3 12434 816 11 53
3 12789 108 37 21
3 13264 573 20 45
